1 0
2 0
3 1
4 1
5 0
6 1
7 1
8 1
8 2
9 2
10 1
11 1
11 5
12 2
13 1
13 2
14 1
14 2
15 1
15 2
16 3
17 3
17 4
18 1
19 1
19 5
20 3
20 8
21 3
21 8
22 2
23 2
23 5
24 3
24 7
25 3
25 6
26 1
26 2
27 1
27 2
28 3
29 3
29 6
30 3
30 4
30 6
31 3
31 7
32 3
32 7
33 1
33 2
34 1
34 2
35 3
36 2
37 8
38 1
38 2
39 1
40 1
41 1
42 6
42 8
43 3
43 14
44 6
44 7
45 3
45 11
46 8
46 9
47 2
47 5
48 6
48 7
49 11
50 8
50 12
51 3
51 6
52 3
52 10
53 6
54 3
54 10
55 3
55 18
56 3
56 6
57 3
57 13
58 8
58 12
59 8
59 13
60 6
60 7
61 3
61 8
62 3
62 14
63 2
64 1
64 2
65 1
65 2
66 8
67 17
68 3
68 6
69 3
70 3
70 15
71 16
72 3
72 7
73 3
73 6
74 3
74 7
75 3
75 6
76 3
76 10
77 3
77 10
78 8
78 15
79 3
80 1
80 2
81 1
82 1
83 3
83 8
84 16
85 3
85 7
86 8
87 1
88 4
88 6
89 2
89 5
90 1
90 5
91 2
92 1
92 2
93 2
93 5
94 2
95 1
96 17
97 4
97 11
98 5
99 6
99 18
100 21
100 37
101 9
101 14
102 8
102 22
103 6
103 14
104 3
104 38
105 8
105 15
106 16
106 20
107 24
107 32
108 16
108 25
109 9
109 13
110 6
110 10
111 12
111 15
112 6
112 10
113 11
113 19
114 6
115 3
115 10
116 3
116 6
117 3
117 10
118 6
119 3
119 39
120 20
120 37
121 31
121 32
122 6
122 10
123 13
123 15
124 6
125 3
125 41
126 3
126 15
127 16
127 28
128 16
128 21
130 29
131 3
131 27
132 16
132 35
133 3
133 6
134 17
134 30
135 8
135 12
136 6
137 3
137 10
138 3
138 6
139 3
139 10
140 8
140 12
141 3
141 13
142 6
142 7
143 8
143 13
144 3
144 15
145 16
146 8
147 2
148 6
148 7
149 3
149 11
150 8
150 9
151 2
151 5
152 6
152 8
153 3
153 33
154 2
154 5
155 3
155 19
156 3
156 14
157 6
157 15
158 8
158 9
159 6
159 10
160 8
160 13
161 6
161 7
162 12
162 14
163 3
163 6
164 3
164 39
165 2
166 3
166 26
167 8
167 22
168 8
168 34
169 3
169 13
170 2
170 5
171 2
172 2
172 5
173 17
173 24
173 31
174 17
174 20
174 21
175 17
175 30
176 4
176 11
176 19
177 12
177 13
178 7
178 11
179 8
179 36
180 25
181 8
181 22
182 8
182 14
183 8
183 13
184 5
185 8
185 23
186 13
187 9
187 33
188 15
188 22
189 6
189 39
190 21
190 78
191 16
191 70
192 71
192 84
193 29
193 53
194 54
194 76
195 9
195 38
196 6
196 41
197 24
197 72
198 25
198 28
199 9
199 14
200 8
200 12
201 6
201 40
202 21
202 86
203 8
203 15
204 16
204 20
205 6
205 27
206 3
206 38
207 9
207 13
208 6
208 10
209 24
209 85
210 16
210 25
211 9
211 13
212 8
212 34
213 6
213 10
214 20
214 35
215 8
215 94
216 70
216 78
217 16
217 51
218 52
218 77
219 9
219 14
220 6
220 39
221 3
221 38
222 6
222 26
223 8
223 9
224 2
224 5
225 6
225 10
226 3
226 19
227 2
227 5
228 3
228 19
229 6
229 15
230 3
230 33
231 8
231 9
232 6
232 10
233 3
233 33
234 6
234 15
235 24
235 31
236 17
236 31
236 74
237 20
237 31
238 20
238 30
238 42
239 24
239 30
239 48
240 17
240 30
240 88
241 7
241 19
242 4
242 19
243 32
243 48
244 25
244 73
245 14
245 15
246 16
246 43
247 49
247 97
248 12
248 23
249 7
249 19
250 8
250 22
251 37
251 61
252 8
252 36
253 14
253 36
254 17
254 21
254 61
255 67
255 96
256 57
256 59
257 21
257 59
258 7
258 11
259 21
259 32
260 13
260 15
261 23
262 4
262 11
262 90
263 16
263 57
264 13
264 22
265 8
265 33
266 8
266 38
267 8
267 23
268 14
268 23
269 5
270 8
270 89
271 13
271 14
272 8
272 14
273 50
273 58
274 24
274 60
275 25
276 20
276 24
277 17
277 20
277 83
278 31
279 30
279 31
279 44
280 12
280 34
281 14
281 22
282 21
282 35
283 11
283 90
284 35
285 13
286 8
286 91
287 13
287 22
288 13
288 34
289 46
290 8
290 47
291 25
291 42
292 25
292 56
293 8
293 63
294 17
294 88
295 8
295 13
296 30
297 12
297 13
298 13
299 5
300 17
300 55
301 17
301 43
301 62
302 11
302 18
303 17
303 45
304 67
304 173
305 67
305 134
305 175
306 49
306 178
307 49
307 113
307 176
308 24
308 61
309 17
309 61
309 83
310 48
311 44
311 48
311 88
312 35
312 70
313 71
313 132
314 53
315 54
315 112
316 50
316 66
317 32
317 83
318 44
318 48
319 13
319 34
320 23
320 93
321 12
321 23
322 35
322 57
323 22
323 34
324 7
324 90
325 8
325 91
326 14
326 91
327 14
327 15
328 59
328 169
329 21
329 168
330 31
330 61
331 46
331 150
332 8
332 151
333 46
333 101
334 102
334 181
335 16
335 153
336 25
336 157
337 16
337 104
338 108
338 180
339 50
339 162
340 14
340 89
341 24
341 161
342 25
342 51
343 13
343 38
344 23
344 89
345 8
345 38
346 13
346 94
347 30
347 42
347 61
348 30
348 48
348 74
349 4
349 19
349 90
350 30
350 88
351 16
351 43
352 73
353 7
353 19
354 13
354 15
355 23
356 16
356 57
357 13
357 22
358 8
358 63
359 14
359 63
360 59
360 141
361 21
361 143
362 8
362 47
363 5
364 14
364 47
365 8
365 89
366 15
366 38
367 15
367 38
368 50
368 140
369 24
369 142
370 25
371 13
371 33
372 8
372 33
373 107
373 121
373 173
374 100
374 120
374 174
375 17
375 62
375 156
376 17
376 45
376 149
377 70
377 123
378 52
378 122
379 32
379 62
380 32
380 45
381 12
381 93
382 23
382 36
383 58
383 66
384 14
384 34
385 7
385 19
386 18
386 19
387 42
387 60
388 35
388 43
389 30
389 31
389 148
390 30
390 55
390 99
391 20
391 30
391 152
392 30
392 43
392 103
393 31
393 74
394 56
394 73
395 20
395 74
396 42
396 73
397 20
397 31
398 20
398 55
399 31
399 43
400 42
400 56
401 31
402 31
402 55
403 56
404 49
404 302
405 49
405 258
406 49
406 262
406 283
407 67
407 300
408 67
408 236
409 67
409 240
409 294
410 48
410 99
411 48
411 148
412 48
413 48
413 88
413 148
414 55
414 61
415 61
415 74
416 31
416 61
417 30
417 61
417 152
418 102
418 281
419 102
419 250
420 100
420 259
421 100
421 251
421 254
422 108
422 292
423 107
423 235
424 108
424 244
425 107
425 239
425 243
426 101
427 101
427 150
428 88
428 99
429 35
429 104
430 60
430 103
431 16
431 104
432 30
432 103
432 156
433 14
433 151
434 35
434 153
435 56
435 157
436 32
436 149
437 66
437 179
438 177
438 183
439 58
439 66
440 60
440 152
441 150
442 8
442 151
443 16
443 153
444 73
444 157
445 34
445 38
446 58
446 182
447 15
447 38
448 31
448 156
449 33
449 34
450 36
450 93
451 12
451 93
452 18
452 90
453 7
453 90
454 15
454 33
455 88
456 4
456 90
457 17
457 149
458 5
459 255
460 247
461 97
462 98